0.2857259
-0.6002377
0.1635346
-0.3142869
-0.217379
-0.3237074
0.7233749
0.1719644
0.4944836
0.1321826
-0.15899
0.1483707
0.7433417
0.3493467
0.8528264
-0.1669946
0.2874842
0.7991956
-0.3223248
0.1093762
0.3084332
-0.08655617
0.166608
0.05734327
-0.409393
0.3583298
1.056368
-0.4226781
-0.8188875
-0.07329168
-0.113139
0.1675621
-0.4831131
0.3429635
0.6004796
0.2617455
0.1621626
-0.2734604
0.370922
0.2985895
-0.6474407
-0.2759907
-0.3830164
0.08122992
-0.5516819
-0.6334291
1.787237
0.03968253
-0.7123489
-0.3721629
0.9360367
